100
-1.66345 -2.93959
-1.28845 -1.38428
-1.80867 -1.94328
0.270697 -3.70653
-4.00634 -1.25441
-1.11629 -2.34989
-4.0457 -1.45554
-1.84484 -3.02997
-2.39826 -0.858952
-1.62391 -1.80487
-1.8151 -1.98985
-3.74163 -2.3969
-2.96268 -1.82409
-2.95464 -2.15051
-1.96403 -2.54983
-0.235439 -0.513456
-2.80917 -1.82553
-3.96593 -1.19161
-2.40894 -1.55951
-0.396084 -1.97662
-1.6746 -0.599715
-1.29939 -2.74531
-1.21613 -2.86759
-2.56642 -1.20913
-2.44664 -2.5582
-0.867265 -0.263852
-1.28693 -1.64924
-2.79268 -2.76714
-0.30623 -3.10429
-0.90734 -2.56428
-2.78814 -2.81196
-0.207202 -2.69515
-1.98921 -1.84463
-2.41382 -3.44113
-3.23206 -3.77649
-0.722201 -1.90451
-2.38396 -1.75896
-1.6804 -0.824785
-1.72001 -1.92586
-2.37275 -3.06467
-0.856686 -3.72407
-1.2772 -0.355646
-3.07797 -0.661212
-1.42918 -0.133467
-2.59296 -0.790571
-1.28064 -2.28961
-4.36312 0.125047
-0.436743 -3.11047
-3.75656 0.423028
-2.36715 -1.89949
-2.05813 -1.54949
-1.80639 -3.69607
-1.43243 -1.51172
-1.78009 -1.66138
-2.42382 -1.22126
-2.86726 -1.70228
-0.506369 -1.1152
-2.36131 0.39069
-4.93186 -0.808196
-0.440893 -2.54041
-1.94921 0.157102
-1.64219 -2.47218
-0.802011 -1.34509
-0.7873 -2.37399
-1.12699 -2.39807
-3.75623 -0.572946
-0.111251 -2.02971
-1.83891 -3.32547
-2.59851 -0.342625
-0.117225 -0.911817
-2.93976 -1.91389
-0.952246 -2.87618
-4.16965 -1.36379
-2.62135 -4.03801
-2.39595 -0.651347
-1.16531 -0.190342
-0.548952 -0.689343
-1.3318 -1.47396
-1.5063 -1.05679
-2.33604 -3.26479
-1.79701 -1.96861
-2.80589 -1.03862
-0.984741 -1.88149
-1.64099 -1.34767
-1.58689 -2.39835
-2.86178 -2.00438
-2.46753 -2.85008
-0.125948 -2.41444
-1.72671 -2.10016
-0.730856 -2.88444
-2.53167 -0.783808
-0.337282 -3.40294
-2.12786 -1.29316
-2.19466 -1.31315
-3.80404 -2.31856
-3.05787 -1.59831
-3.1037 -2.54487
-3.1314 -0.887687
-1.18724 -2.42329
-1.58073 -4.13397
