100
0.775364 2.34613
2.81481 1.86166
1.51809 1.58549
2.40595 3.41937
1.07684 0.550397
1.46525 2.72907
1.31294 0.434929
2.15276 1.5122
0.666441 1.23351
2.50196 2.40572
2.21613 1.31077
2.96617 1.18383
0.761274 2.23741
0.382164 2.93237
1.64512 3.60003
0.285015 1.56674
2.50888 0.612095
3.44398 0.537549
1.56349 1.82722
2.37165 1.50542
1.39761 0.962008
1.85493 1.84046
1.81817 2.74078
0.383124 3.0504
1.46885 0.698899
2.41117 2.60132
2.65929 3.1469
0.763474 4.16886
1.51213 1.12529
0.0821963 0.781659
1.6557 2.5736
3.65949 1.87374
2.37834 0.44117
2.50183 -0.518426
1.83651 2.09836
1.70101 3.14211
0.717943 2.37621
2.98426 1.19849
2.90523 3.36675
1.46611 1.24575
2.21535 0.923554
0.0372 -1.0002
1.95421 0.421753
-0.695154 1.24272
1.47466 0.860763
1.87145 2.89954
1.48197 0.619619
1.73777 1.33405
1.74209 1.83664
3.4881 0.686632
1.38272 2.56611
2.87801 1.23284
2.19829 1.53293
1.85909 0.852625
2.28575 3.7155
1.5885 2.18189
0.0808674 1.96081
2.20821 1.81822
1.57175 2.15737
2.23836 3.07518
2.01724 4.74506
1.42396 1.24571
1.17934 2.04008
1.5603 2.41697
1.49415 3.38332
1.07401 1.81885
3.08296 2.57461
0.609692 -0.164775
-0.211929 2.87993
3.66407 0.951102
2.26532 1.50948
1.52005 3.11768
1.47933 2.37385
1.92412 2.96259
1.05105 1.48301
1.79645 1.40585
2.98055 2.12973
3.61414 2.51342
1.81302 3.07973
0.908828 2.40359
2.81415 1.65376
2.28736 3.56036
0.790656 1.83988
1.62502 3.49789
3.25085 1.44952
1.6652 2.47765
1.63807 0.1792
1.76169 1.983
3.20856 1.41011
1.20869 2.85961
3.03757 0.956387
4.25431 1.94594
1.3862 1.79179
3.69137 1.73748
3.67916 1.97455
2.37625 1.81903
1.10686 2.76883
0.899233 1.03989
2.5621 2.66033
2.83756 2.68955
