100
0.845609  -0.0586337
0.0393478  -0.49614
-1.54081  1.00561
-0.0842985  0.559958
0.0423475  -0.297766
-0.582267  0.897894
-0.344729  -0.975629
-2.15976  -0.16077
-0.806499  2.00743
0.771875  -0.230284
0.974328  -0.392915
-0.025403  -0.858485
1.17884  -0.802186
-1.84585  0.731026
0.833301  -0.625512
-1.60043  -0.822024
0.348828  -1.46042
-0.107181  0.640822
-0.574263  1.60564
-1.22772  -1.0019
-0.676213  0.0607836
1.11494  -1.64271
-0.568348  2.09227
-0.412159  1.65177
-0.536908  1.32683
0.346685  -0.657123
3.03395  -1.17372
1.3767  -1.82258
1.09156  -0.199132
-0.0421207  -0.262648
2.35405  -0.63693
-1.29038  0.767247
-0.374526  0.974091
-0.688731  -0.0102341
-1.86015  0.302425
0.66182  1.21464
0.294352  0.486043
-0.551385  0.67467
1.40052  -0.22784
-0.121166  -1.11745
-0.313434  0.364154
-0.416805  -0.398756
-0.597808  0.890487
-0.936527  -0.555628
1.18743  -2.01972
0.169858  -1.92604
2.17615  0.678876
-0.0466766  -0.0802875
0.318095  -0.483288
-0.744496  -0.258127
-0.760557  0.358038
2.17767  1.11351
-0.47782  0.629425
-0.794929  1.77922
0.808348  0.952183
2.01772  -1.36794
-0.70789  -0.100641
-0.919614  1.45573
-0.191348  -0.38172
0.313674  0.947792
-0.277711  0.719816
-0.88311  0.81459
1.66148  0.906217
1.40733  0.292589
0.10624  0.429795
-0.774408  1.58412
-0.26985  -1.23454
-0.270318  -1.44372
0.83677  0.95003
1.79482  -0.809667
0.362062  1.41682
1.72525  2.34604
-0.842458  0.82761
0.0687433  -0.670605
-0.967116  0.0184568
0.0554129  0.518006
-0.0505144  -0.684302
0.566744  1.23745
0.757197  -0.0255681
-0.838041  0.0126179
0.0339138  -0.304879
-1.26155  0.117545
0.303214  -0.200348
0.272752  -1.20407
0.964902  0.896733
0.11414  0.361783
-0.278231  -0.37903
0.569376  0.355235
0.288231  0.0805408
-2.06192  0.434672
-1.48368  1.1086
-1.97895  -0.081057
0.613141  -0.000826257
-0.206289  -0.0680405
0.211348  -1.92348
-0.544863  1.05396
-0.818025  0.632261
-1.49962  0.0191276
-0.788301  -0.657533
0.0832426  0.663623